M1	4.9,4.53,3.9,5.59,4.85,4.24,4.09,3.74,2.61,2.68,2.79,2.72,2.73,2.75,2.81,nan,3.18,3.17,3.25,3.27,3.29,3.31,3.33,3.33,4.17,4.08,4.05,4.08,4.11,4.26,4.36,4.26
M2	5.79,5.02,5.04,5.48,5.03,4.61,4.18,4.26,2.67,2.63,2.71,2.76,2.74,2.75,2.78,2.82,2.39,2.39,2.47,2.42,2.44,2.46,2.47,2.49,4.52,4.65,4.66,4.7,4.71,4.72,4.81,4.92
M3	5.1,5.15,4.9,3.87,4.15,4.07,3.81,4.5,2.78,2.7,2.72,2.73,2.73,2.75,2.76,2.88,3.26,3.27,3.26,3.29,3.26,3.24,3.28,3.27,4.09,4.2,4.16,4.16,4.25,4.23,4.36,4.32
M4	3.68,4.49,4.37,4.23,4.11,3.63,4.01,4.36,2.39,2.39,2.36,2.36,2.36,2.37,2.33,2.41,2.83,2.82,2.81,2.83,2.81,2.81,2.83,2.85,3.08,3.14,3.13,3.12,3.19,3.2,3.23,3.26
M5	5.59,4.96,4.99,5.03,5.87,4.5,4.4,4.56,2.9,2.9,2.86,2.91,2.87,2.89,2.98,3.01,3.51,3.47,3.54,3.5,3.48,3.63,nan,nan,4.55,4.59,4.58,4.67,4.63,nan,nan,nan
M7	3.35,3.43,3.54,3.42,nan,nan,11.51,11.4,11.45,10.59,nan,nan
M8	3.61,3.62,3.7,3.6,3.68,nan,9.69,12.12,10.14,10.52,4.41,nan
M9	3.72,3.81,3.83,3.73,3.67,nan,4.74,4.71,9.73,9.4,5.17,nan
M10	3.83,3.96,3.78,3.79,3.88,3.85,13.3,4.76,5.33,5.15,5.15,5.52,3.94,3.74,3.8,3.75
M14	0.0,0.0,0.0,0.0,0.0,0.0,0.0,0.0,16.34,21.39,17.18,0.0,0.0,0.0,0.0,0.0,0.0,0.0,0.0
M15	9.66,8.14,9.45,12.46,11.28,11.55,11.89,0.0,0.0,0.0,0.0
M12	3.81,3.76,3.67,3.66,3.63,3.63,3.67,4.28,4.57,3.97,4.24
M11	4.41,4.52,4.42,4.45,4.44,4.49,4.44,4.6,4.37,4.45,4.2
M6	0.0,0.0,0.0,0.0,0.0,0.0,0.0,0.0,15.15,13.85,15.11
M13	4.18,3.92,3.84,4.06,5.25,5.14,5.09,5.35
M0	3.23,2.76,2.81,2.98
M16	4.23,4.35,4.35,4.31,3.57,3.65,3.72,3.73,4.74,4.87,4.83,4.84
M17	6.09,6.95,6.34,6.18,5.95,6.14,6.22,6.39,6.62,6.19,6.14,6.01
M18	4.21,4.67,4.5,4.36,4.2,4.3,4.37,4.36,4.97,5.3,4.99,5.0
M19	6.86,7.12,7.33,7.07,6.25,7.25,6.77,7.18,5.43,5.49,5.24,5.28
M20	5.1,5.27,5.21,5.12,4.59,4.78,4.84,4.79,4.77,4.96,4.91,4.92
M21	0.0,0.0,0.0,0.0,0.0,0.0,0.0,0.0
M22	0.0,0.0,0.0,0.0,0.0,0.0,0.0,0.0
M23	4.5,4.53,4.49,4.47,4.5,4.62,4.55,4.57,4.87,5.03,4.86,4.89
M25	4.42,4.54,4.45,4.5
M26	3.3,3.34,3.38,3.43,5.35,5.69,5.79,6.02
M27	3.58,3.68,3.67,3.72,5.6,6.02,6.17,6.39
M28	4.74,4.85,4.69,4.71,7.94,8.0,8.09,7.93
M29	3.62,3.63,3.6,3.66,6.0,7.25,6.52,7.37
M30	2.81,3.11,3.05,3.08,7.11,7.75,6.35,6.82
M32	6.31,6.61,6.58,6.24,14.67,19.52,12.67,11.54
M24	6.82,6.63,6.77,6.88
M34	0.0,0.0,0.0,0.0
M36	6.07,6.21,6.27,6.35,6.1,5.75,5.88,5.96,3.96,4.53,4.14,4.02
M37	13.27,13.19,13.41,13.46
M38	0.0,0.0,0.0,0.0,0.0,0.0,0.0,0.0
M39	13.54,12.73,12.59,13.21,0.0,0.0,0.0,0.0
M40	0.0,0.0,0.0,0.0,0.0,0.0,0.0,0.0
M41	0.0,0.0,0.0,0.0
M42	0.0,0.0,0.0,0.0
M43	0.0,0.0,0.0,0.0
M35	5.68,5.89,5.9,6.1
Duganella_0	0.79,0.67,0.72,0.72,0.67,0.67
Undibacterium_0	1.29,1.2,1.24,1.26,1.63,1.62
Acidovorax_0	2.96,3.25,3.41,3.19,3.19,3.11
Pelomonas_0	1.27,1.1,1.13,1.08,1.22,1.28
CDSMZ_0	1.64,1.64,1.64,1.67,1.64,1.72
CVULGARIS_0	2.69,2.98,2.64,2.62,2.7,2.74
AEP_0	0.0,0.0,0.0,0.0,0.0,0.0,0.0,0.0,0.0,0.0,0.0,0.0,0.0,0.0,0.0,0.0,0.0,0.0,0.0,0.0,0.0,0.0,0.0,0.0
AEP_1	4.38,4.41,4.55,4.53,4.58,4.71,5.07,5.01,5.1,5.03,5.09,5.01,6.45,5.89,5.73,6.16,5.99,nan,3.27,3.36,3.4,4.39,3.31,3.39
AEP_2	5.4,5.31,5.36,5.38,5.39,5.48,4.18,4.21,4.09,4.09,4.07,4.13
vul_0	4.79,4.78,4.92,4.77,4.79,4.85,4.72,4.68,4.75,4.75,4.78,6.67,9.49,0.0,0.0,0.0,0.0,0.0
vul_1	5.08,5.2,5.19,5.16,5.27,5.28,4.71,4.86,4.91,4.78,4.81,3.71,6.34,5.22,4.91,5.1,5.1,4.82
vul_2	3.17,3.23,3.18,3.22,3.16,3.15,3.14,3.07,3.14,3.13,3.02,3.28
vir_0	0.0,0.0,0.0,0.0,0.0,0.0
vir_1	3.56,3.9,3.87,3.85,4.0,3.67
oli_0	0.0,0.0,0.0,0.0,0.0,0.0
oli_1	0.0,0.0,0.0,0.0,0.0,0.0
car_0	0.0,0.0,0.0,0.0,0.0,0.0
car_1	1.88,1.96,2.05,2.35,2.04,nan
